# size, freq1, freq2, ..., amp1, amp2, ..., ontime, offtime
%dtmf1.wav
2, 697, 1209, 0.4, 0.4, 40, 40
2, 697, 1336, 0.4, 0.4, 40, 40
2, 697, 1477, 0.4, 0.4, 40, 40
2, 697, 1633, 0.4, 0.4, 40, 40
2, 770, 1209, 0.4, 0.4, 40, 40
2, 770, 1336, 0.4, 0.4, 40, 40
2, 770, 1477, 0.4, 0.4, 40, 40
2, 770, 1633, 0.4, 0.4, 40, 40
2, 852, 1209, 0.4, 0.4, 40, 40
2, 852, 1336, 0.4, 0.4, 40, 40
2, 852, 1477, 0.4, 0.4, 40, 40
2, 852, 1633, 0.4, 0.4, 40, 40
2, 941, 1209, 0.4, 0.4, 40, 40
2, 941, 1336, 0.4, 0.4, 40, 40
2, 941, 1477, 0.4, 0.4, 40, 40
2, 941, 1633, 0.4, 0.4, 40, 40
3, 697, 1209, 500, 0.4, 0.4, 0.2, 40, 40
% dtmf2.wav
2, 941, 1633, 0.4, 0.4, 40, 40
3, 697, 1209, 500, 0.4, 0.4, 0.2, 40, 40
